aB_B_F_087-output:ENSMUSG00000015053	0	0	0	0	0
aB_B_F_087-output:ENSMUSG00000029217	127.380526	87.101813	87.101813	107979.239	6351.7199
aB_B_F_087-output:ENSMUSG00000015619	0.151629	0.103683	0.103683	177.352	10.4325
aB_B_F_087-output:ENSMUSG00000042807	0.14104	0.0964417	0.0964417	575.627	33.8604
aB_B_F_088-output:ENSMUSG00000015619	0	0	0	0	0
aB_B_F_088-output:ENSMUSG00000029217	113.513585	79.014624	79.014624	130308.462	7665.2035
aB_B_F_088-output:ENSMUSG00000042807	0.131455	0.0915032	0.0915032	721.836	42.461
aB_B_F_088-output:ENSMUSG00000015053	0	0	0	0	0
aB_B_M_543-output:ENSMUSG00000015053	0	0	0	0	0
aB_B_M_543-output:ENSMUSG00000029217	13.874344	9.395879	9.395879	117738.18	1435.831
aB_B_M_543-output:ENSMUSG00000015619	0.32599	0.220765	0.220765	3507.44	42.7737
aB_B_M_543-output:ENSMUSG00000042807	0.608162	0.411855	0.411855	13007.2	158.6241
B_BC_F_1_E1-output:ENSMUSG00000042807	0.170547	0.091498	0.091498	4484.71	56.0588
B_BC_F_1_E1-output:ENSMUSG00000029217	48.786307	26.173695	26.173695	286844.14	3585.5498
B_BC_F_1_E1-output:ENSMUSG00000015619	1.07315	0.575741	0.575741	8087.3	101.091
B_BC_F_1_E1-output:ENSMUSG00000015053	0	0	0	0	0
B_BC_F_1_E2-output:ENSMUSG00000015053	0	0	0	0	0
B_BC_F_1_E2-output:ENSMUSG00000042807	0.216062	0.117636	0.117636	8492.54	106.157
B_BC_F_1_E2-output:ENSMUSG00000029217	78.802172	42.904293	42.904293	699984.03	8749.7941
B_BC_F_1_E2-output:ENSMUSG00000015619	0.868575	0.472901	0.472901	9784.11	122.301
B_BC_M_2_F1-output:ENSMUSG00000042807	0.121502	0.0677712	0.0677712	3381.73	42.2716
B_BC_M_2_F1-output:ENSMUSG00000015053	0	0	0	0	0
B_BC_M_2_F1-output:ENSMUSG00000029217	41.797846	23.313949	23.313949	256324.26	3204.0513
B_BC_M_2_F1-output:ENSMUSG00000015619	0.840315	0.468711	0.468711	6702.76	83.7844
B_BC_M_2_F2-output:ENSMUSG00000015053	0.0919713	0.0474859	0.0474859	855.272	10.6909
B_BC_M_2_F2-output:ENSMUSG00000029217	84.310264	43.530335	43.530335	624737.03	7809.2196
B_BC_M_2_F2-output:ENSMUSG00000042807	0.216096	0.111573	0.111573	7196.67	89.9584
B_BC_M_2_F2-output:ENSMUSG00000015619	1.39141	0.718403	0.718403	13279.9	165.999
B_B_F_2_A1-output:ENSMUSG00000015053	0	0	0	0	0
B_B_F_2_A1-output:ENSMUSG00000029217	51.965671	28.987191	28.987191	273176.01	3414.6948
B_B_F_2_A1-output:ENSMUSG00000015619	1.09626	0.611508	0.611508	7514.56	93.932
B_B_F_2_A1-output:ENSMUSG00000042807	0.0836178	0.0466433	0.0466433	2000.03	25.0004
B_B_F_2_A2-output:ENSMUSG00000042807	0.19857	0.11173	0.11173	4758.31	59.4789
B_B_F_2_A2-output:ENSMUSG00000015053	0.194455	0.109415	0.109415	1346.27	16.8283
B_B_F_2_A2-output:ENSMUSG00000029217	89.95722	50.616577	50.616577	482764.84	6034.5583
B_B_F_2_A2-output:ENSMUSG00000015619	1.84506	1.03817	1.03817	12670.8	158.385
B_B_F_2_A3-output:ENSMUSG00000015619	1.13314	0.611167	0.611167	9940.24	124.253
B_B_F_2_A3-output:ENSMUSG00000029217	103.97395	56.079265	56.079265	716964.95	8962.058
B_B_F_2_A3-output:ENSMUSG00000015053	0.1773542	0.0956575	0.0956575	1539.647	19.24563
B_B_F_2_A3-output:ENSMUSG00000042807	0.178638	0.0963501	0.0963501	5468.08	68.351
B_B_M_1_B1-output:ENSMUSG00000029217	69.906861	40.039642	40.039642	398125.04	4976.5632
B_B_M_1_B1-output:ENSMUSG00000015619	0.773965	0.443295	0.443295	5627.06	70.3382
B_B_M_1_B1-output:ENSMUSG00000015053	0.0804569	0.0460823	0.0460823	569.947	7.12434
B_B_M_1_B1-output:ENSMUSG00000042807	0.146777	0.0840675	0.0840675	3723.6	46.545
B_B_M_1_B2-output:ENSMUSG00000042807	0.219305	0.118382	0.118382	4814.45	60.1806
B_B_M_1_B2-output:ENSMUSG00000015619	0.867973	0.468538	0.468538	5460.83	68.2603
B_B_M_1_B2-output:ENSMUSG00000029217	98.812	53.339449	53.339449	483222.71	6040.2833
B_B_M_1_B2-output:ENSMUSG00000015053	0.0952407	0.0514117	0.0514117	583.831	7.29789
B_B_M_1_B3-output:ENSMUSG00000029217	107.278691	57.267915	57.267915	698158.39	8726.9706
B_B_M_1_B3-output:ENSMUSG00000015053	0.0862754	0.0460558	0.0460558	696.389	8.70486
B_B_M_1_B3-output:ENSMUSG00000015619	1.05973	0.56571	0.56571	8779.08	109.739
B_B_M_1_B3-output:ENSMUSG00000042807	0.22457	0.119881	0.119881	6491.6	81.145
B_CB_F_2_G1-output:ENSMUSG00000042807	0.524463	0.5074751	0.5074751	2125.202	26.56508
B_CB_F_2_G1-output:ENSMUSG00000015619	1.510833	1.461896	1.461896	3774.588	47.1823
B_CB_F_2_G1-output:ENSMUSG00000015053	0	0	0	0	0
B_CB_F_2_G1-output:ENSMUSG00000029217	27.835094	26.933478	26.933478	143078.774	1788.48887
B_CB_F_2_G2-output:ENSMUSG00000015053	0.0685058	0.0666122	0.0666122	734.893	9.18616
B_CB_F_2_G2-output:ENSMUSG00000029217	35.646032	34.660742	34.660742	269928.54	3374.1061
B_CB_F_2_G2-output:ENSMUSG00000015619	1.521288	1.47924	1.47924	4944.93	61.8116
B_CB_F_2_G2-output:ENSMUSG00000042807	0.5246156	0.5101151	0.5101151	3686.61	46.08262
B_CB_F_2_G3-output:ENSMUSG00000015053	0.0584309	0.0585187	0.0585187	782.636	9.78294
B_CB_F_2_G3-output:ENSMUSG00000015619	1.3706	1.372655	1.372655	6203.19	77.5398
B_CB_F_2_G3-output:ENSMUSG00000042807	0.588953	0.589839	0.589839	6033.5	75.4186
B_CB_F_2_G3-output:ENSMUSG00000029217	33.849249	33.900141	33.900141	286898.41	3586.2241
B_CB_M_1_H1-output:ENSMUSG00000029217	25.856152	24.175212	24.175212	95860.536	1198.25597
B_CB_M_1_H1-output:ENSMUSG00000042807	0.371829	0.347655	0.347655	1795.044	22.43813
B_CB_M_1_H1-output:ENSMUSG00000015053	0	0	0	0	0
B_CB_M_1_H1-output:ENSMUSG00000015619	3.338612	3.12156	3.12156	7494.42	93.6803
B_CB_M_1_H2-output:ENSMUSG00000042807	0.8845327	0.8206535	0.8206535	4850.323	60.62906
B_CB_M_1_H2-output:ENSMUSG00000029217	43.805497	40.641916	40.641916	277546.49	3469.3276
B_CB_M_1_H2-output:ENSMUSG00000015619	1.655309	1.535769	1.535769	5061.2	63.2649
B_CB_M_1_H2-output:ENSMUSG00000015053	0	0	0	0	0
B_CB_M_1_H3-output:ENSMUSG00000015619	1.696829	1.578655	1.578655	7027.55	87.8444
B_CB_M_1_H3-output:ENSMUSG00000015053	0.122586	0.114049	0.114049	1490.32	18.629
B_CB_M_1_H3-output:ENSMUSG00000042807	0.7742014	0.7202848	0.7202848	4537.878	56.72347
B_CB_M_1_H3-output:ENSMUSG00000029217	50.047541	46.56216	46.56216	389214	4865.1746
B_C_F_1_C1-output:ENSMUSG00000015053	0	0	0	0	0
B_C_F_1_C1-output:ENSMUSG00000029217	53.222854	46.778474	46.778474	207617.7	2595.224
B_C_F_1_C1-output:ENSMUSG00000015619	2.54737	2.238929	2.238929	6923.24	86.5405
B_C_F_1_C1-output:ENSMUSG00000042807	0.6771549	0.5951628	0.5951628	2274.069	28.42591
B_C_F_1_C2-output:ENSMUSG00000042807	0.8217324	0.8059028	0.8059028	3650.9568	45.63704
B_C_F_1_C2-output:ENSMUSG00000029217	44.7696258	43.9072729	43.9072729	332230.344	4152.87804
B_C_F_1_C2-output:ENSMUSG00000015053	0	0	0	0	0
B_C_F_1_C2-output:ENSMUSG00000015619	1.949046	1.911511	1.911511	7627.8	95.3475
B_C_F_1_C3-output:ENSMUSG00000029217	47.9470657	43.731566	43.731566	403881.701	5048.52171
B_C_F_1_C3-output:ENSMUSG00000042807	0.4496672	0.4101337	0.4101337	4158.317	51.97893
B_C_F_1_C3-output:ENSMUSG00000015619	2.234419	2.037974	2.037974	9753.14	121.9142
B_C_F_1_C3-output:ENSMUSG00000015053	0.1331088	0.121406	0.121406	1729.487	21.61857
B_C_M_2_D1-output:ENSMUSG00000042807	0.7212619	0.622659	0.622659	1606.596	20.08244
B_C_M_2_D1-output:ENSMUSG00000015053	0.1379501	0.1190911	0.1190911	1415.464	17.69329
B_C_M_2_D1-output:ENSMUSG00000029217	52.324257	45.171067	45.171067	317055.28	3963.1797
B_C_M_2_D1-output:ENSMUSG00000015619	2.545404	2.197427	2.197427	9024.77	112.8096
B_C_M_2_D2-output:ENSMUSG00000042807	1.3261208	1.158355	1.158355	3867.248	48.34064
B_C_M_2_D2-output:ENSMUSG00000029217	51.154456	44.682981	44.682981	243393.17	3042.4221
B_C_M_2_D2-output:ENSMUSG00000015619	2.690078	2.349758	2.349758	7166.1	89.5762
B_C_M_2_D2-output:ENSMUSG00000015053	0.0827074	0.0722442	0.0722442	660.764	8.25955
B_C_M_2_D3-output:ENSMUSG00000015053	0.135808	0.123339	0.123339	1604.99	20.0623
B_C_M_2_D3-output:ENSMUSG00000029217	62.6107995	56.8622825	56.8622825	379293.612	4741.18118
B_C_M_2_D3-output:ENSMUSG00000015619	2.604127	2.365036	2.365036	10171.91	127.1488
B_C_M_2_D3-output:ENSMUSG00000042807	0.8403119	0.7631594	0.7631594	4637.485	57.96863
Hsc_B_NA_187-output:ENSMUSG00000015619	13.12421	7.187701	7.187701	82056.498	1013.04146
Hsc_B_NA_187-output:ENSMUSG00000042807	0	0	0	0	0
Hsc_B_NA_187-output:ENSMUSG00000029217	14.475103	7.927532	7.927532	74530.882	920.1337
Hsc_B_NA_187-output:ENSMUSG00000015053	201.1828	110.1812	110.1812	1281132	15816.47
Hsc_B_NA_188-output:ENSMUSG00000015053	192.7482	107.0265	107.0265	4559260	56287.2
Hsc_B_NA_188-output:ENSMUSG00000029217	14.5931444	8.1030939	8.1030939	276269.32	3410.7287
Hsc_B_NA_188-output:ENSMUSG00000042807	0	0	0	0	0
Hsc_B_NA_188-output:ENSMUSG00000015619	12.322693	6.842389	6.842389	282253.24	3484.6103
Hsc_B_NA_189-output:ENSMUSG00000015619	14.943014	9.603669	9.603669	197672.28	2440.4016
Hsc_B_NA_189-output:ENSMUSG00000042807	0	0	0	0	0
Hsc_B_NA_189-output:ENSMUSG00000015053	176.0333	113.1338	113.1338	2383229	29422.6
Hsc_B_NA_189-output:ENSMUSG00000029217	9.500925	6.106113	6.106113	105234.77	1299.1952
Hsc_B_NA_190-output:ENSMUSG00000015619	15.318257	9.712237	9.712237	277646.77	3427.7337
Hsc_B_NA_190-output:ENSMUSG00000015053	187.239	118.7158	118.7158	3459300	42707.4
Hsc_B_NA_190-output:ENSMUSG00000029217	9.689369	6.143374	6.143374	145214.241	1792.7675
Hsc_B_NA_190-output:ENSMUSG00000042807	0	0	0	0	0
T_BC_F_2_E4-output:ENSMUSG00000029217	4.35237	2.554632	2.554632	17289.6	216.1198
T_BC_F_2_E4-output:ENSMUSG00000015619	7.09955	4.1671	4.1671	39784.3	497.304
T_BC_F_2_E4-output:ENSMUSG00000042807	0	0	0	0	0
T_BC_F_2_E4-output:ENSMUSG00000015053	0	0	0	0	0
T_BC_F_2_E5-output:ENSMUSG00000042807	0	0	0	0	0
T_BC_F_2_E5-output:ENSMUSG00000015619	11.7939	7.11079	7.11079	165118	2063.97
T_BC_F_2_E5-output:ENSMUSG00000015053	0	0	0	0	0
T_BC_F_2_E5-output:ENSMUSG00000029217	8.385949	5.056053	5.056053	81141.96	1014.2735
T_BC_F_2_E6-output:ENSMUSG00000015053	0	0	0	0	0
T_BC_F_2_E6-output:ENSMUSG00000015619	10.4242	6.17373	6.17373	57505.1	718.814
T_BC_F_2_E6-output:ENSMUSG00000042807	0	0	0	0	0
T_BC_F_2_E6-output:ENSMUSG00000029217	5.9796	3.541395	3.541395	23285.024	291.0636
T_BC_M_1_F4-output:ENSMUSG00000015619	5.24713	3.04531	3.04531	55308	691.35
T_BC_M_1_F4-output:ENSMUSG00000029217	2.626331	1.5242572	1.5242572	19670.77	245.8852
T_BC_M_1_F4-output:ENSMUSG00000015053	0	0	0	0	0
T_BC_M_1_F4-output:ENSMUSG00000042807	0	0	0	0	0
T_BC_M_1_F5-output:ENSMUSG00000042807	0.0558633	0.0334924	0.0334924	2339.69	29.2462
T_BC_M_1_F5-output:ENSMUSG00000015053	0	0	0	0	0
T_BC_M_1_F5-output:ENSMUSG00000015619	14.511	8.69998	8.69998	174175	2177.18
T_BC_M_1_F5-output:ENSMUSG00000029217	8.24919597	4.94572823	4.94572823	70464.6334	880.807443
T_B_F_1_A4-output:ENSMUSG00000029217	12.2540872	7.4226726	7.4226726	88000.078	1100.00153
T_B_F_1_A4-output:ENSMUSG00000015053	0	0	0	0	0
T_B_F_1_A4-output:ENSMUSG00000042807	0	0	0	0	0
T_B_F_1_A4-output:ENSMUSG00000015619	12.486	7.56316	7.56316	129575	1619.69
T_B_F_1_A5-output:ENSMUSG00000029217	15.216561	9.3368447	9.3368447	116439.515	1455.49319
T_B_F_1_A5-output:ENSMUSG00000042807	0.0447477	0.0274572	0.0274572	1703.99	21.2999
T_B_F_1_A5-output:ENSMUSG00000015619	16.4614	10.1007	10.1007	179646	2245.58
T_B_F_1_A5-output:ENSMUSG00000015053	0	0	0	0	0
T_B_F_1_A6-output:ENSMUSG00000015053	0	0	0	0	0
T_B_F_1_A6-output:ENSMUSG00000029217	14.832062	8.554811	8.554811	112584.31	1407.3031
T_B_F_1_A6-output:ENSMUSG00000042807	0	0	0	0	0
T_B_F_1_A6-output:ENSMUSG00000015619	16.5592	9.55096	9.55096	178424	2230.3
T_B_M_2_B4-output:ENSMUSG00000015053	0	0	0	0	0
T_B_M_2_B4-output:ENSMUSG00000042807	0	0	0	0	0
T_B_M_2_B4-output:ENSMUSG00000029217	12.112867	7.402341	7.402341	75968.87	949.6109
T_B_M_2_B4-output:ENSMUSG00000015619	13.2443	8.09378	8.09378	119541	1494.26
T_B_M_2_B5-output:ENSMUSG00000029217	15.523699	9.432747	9.432747	123468.19	1543.3491
T_B_M_2_B5-output:ENSMUSG00000015619	15.0937	9.17147	9.17147	172936	2161.71
T_B_M_2_B5-output:ENSMUSG00000042807	0.0460304	0.0279697	0.0279697	1840.27	23.0034
T_B_M_2_B5-output:ENSMUSG00000015053	0	0	0	0	0
T_B_M_2_B6-output:ENSMUSG00000042807	0	0	0	0	0
T_B_M_2_B6-output:ENSMUSG00000015619	7.03653	4.15184	4.15184	59352.4	741.905
T_B_M_2_B6-output:ENSMUSG00000015053	0	0	0	0	0
T_B_M_2_B6-output:ENSMUSG00000029217	7.457334	4.4001344	4.4001344	42759.328	534.49184
T_CB_F_1_G4-output:ENSMUSG00000042807	0.3366954	0.3728295	0.3728295	850.7753	10.63469
T_CB_F_1_G4-output:ENSMUSG00000015053	0	0	0	0	0
T_CB_F_1_G4-output:ENSMUSG00000029217	4.4382395	4.914543	4.914543	40253.125	503.16504
T_CB_F_1_G4-output:ENSMUSG00000015619	9.548288	10.573	10.573	95293.727	1191.17401
T_CB_F_1_G5-output:ENSMUSG00000015619	13.307092	14.01059	14.01059	176265.681	2203.3186
T_CB_F_1_G5-output:ENSMUSG00000042807	0.278544	0.29327	0.29327	1104.94	13.8118
T_CB_F_1_G5-output:ENSMUSG00000015053	0	0	0	0	0
T_CB_F_1_G5-output:ENSMUSG00000029217	5.0431434	5.309753	5.309753	70009.072	875.1142
T_CB_M_2_H4-output:ENSMUSG00000029217	4.3192198	4.4761657	4.4761657	49030.887	612.88637
T_CB_M_2_H4-output:ENSMUSG00000042807	0.246998	0.255973	0.255973	772.366	9.65457
T_CB_M_2_H4-output:ENSMUSG00000015053	0	0	0	0	0
T_CB_M_2_H4-output:ENSMUSG00000015619	12.655493	13.115342	13.115342	127124.24	1589.05083
T_CB_M_2_H5-output:ENSMUSG00000015053	0	0	0	0	0
T_CB_M_2_H5-output:ENSMUSG00000042807	0.198636	0.2085888	0.2085888	633.1587	7.91448
T_CB_M_2_H5-output:ENSMUSG00000015619	14.075257	14.780515	14.780515	163292.584	2041.15635
T_CB_M_2_H5-output:ENSMUSG00000029217	5.340049	5.607629	5.607629	62457.98	780.7247
T_C_F_2_C4-output:ENSMUSG00000042807	0.22768	0.241619	0.241619	597.572	7.46965
T_C_F_2_C4-output:ENSMUSG00000015619	12.552965	13.321522	13.321522	107783.2	1347.29076
T_C_F_2_C4-output:ENSMUSG00000029217	3.744323	3.973578	3.973578	36933.78	461.6718
T_C_F_2_C4-output:ENSMUSG00000015053	0	0	0	0	0
T_C_F_2_C5-output:ENSMUSG00000042807	0.42567	0.430462	0.430462	1754.16	21.9269
T_C_F_2_C5-output:ENSMUSG00000015619	13.898389	14.054834	14.054834	184378.922	2304.7338
T_C_F_2_C5-output:ENSMUSG00000029217	4.800533	4.854575	4.854575	69364.925	867.06134
T_C_F_2_C5-output:ENSMUSG00000015053	0	0	0	0	0
T_C_F_2_C6-output:ENSMUSG00000015053	0	0	0	0	0
T_C_F_2_C6-output:ENSMUSG00000015619	5.55564	6.141125	6.141125	35484.375	443.55514
T_C_F_2_C6-output:ENSMUSG00000029217	1.659578	1.834479	1.834479	11264.042	140.8005
T_C_F_2_C6-output:ENSMUSG00000042807	0.321625	0.355519	0.355519	635.892	7.94865
T_C_M_1_D4-output:ENSMUSG00000042807	0.26037	0.275772	0.275772	470.154	5.87693
T_C_M_1_D4-output:ENSMUSG00000015053	0	0	0	0	0
T_C_M_1_D4-output:ENSMUSG00000029217	3.2931158	3.487924	3.487924	38388.023	479.85057
T_C_M_1_D4-output:ENSMUSG00000015619	9.113635	9.652758	9.652758	110536.338	1381.70447
T_C_M_1_D5-output:ENSMUSG00000015053	0	0	0	0	0
T_C_M_1_D5-output:ENSMUSG00000015619	13.417631	13.411376	13.411376	213255.39	2665.6849
T_C_M_1_D5-output:ENSMUSG00000029217	3.923241	3.921411	3.921411	67261.82	840.774
T_C_M_1_D5-output:ENSMUSG00000042807	0.302094	0.301953	0.301953	1490.18	18.6272
